net 
{ 
}
node Age 
{
  states = ( "Adolescent" "Adult" "Senior" );
}
node RiskAversion 
{
  states = ( "Adventurous" "Cautious" "Normal" "Psychopath" );
}
node VehicleYear 
{
  states = ( "Current" "Older" );
}
node Accident 
{
  states = ( "Mild" "Moderate" "None" "Severe" );
}
node MakeModel 
{
  states = ( "Economy" "FamilySedan" "Luxury" "SportsCar" "SuperLuxury" );
}
node DrivQuality 
{
  states = ( "Excellent" "Normal" "Poor" );
}
node Airbag 
{
  states = ( "False" "True" );
}
node DrivHist 
{
  states = ( "Many" "One" "Zero" );
}
node SocioEcon 
{
  states = ( "Middle" "Prole" "UpperMiddle" "Wealthy" );
}
node Antilock 
{
  states = ( "False" "True" );
}
node MedCost 
{
  states = ( "HundredThou" "Million" "TenThou" "Thousand" );
}
node CarValue 
{
  states = ( "FiftyThou" "FiveThou" "Million" "TenThou" "TwentyThou" );
}
potential ( Age ) 
{
  data = ( 0.2130000 0.5893333 0.1976667 );
}
potential ( RiskAversion | Age SocioEcon ) 
{
  data = (((0.43542435 0.09594096 0.44280443 0.02583026)(0.58333333 0.07916667 0.30416667 0.03333333)(0.47863248 0.05982906 0.46153846 0.00000000)(0.63636364 0.09090909 0.27272727 0.00000000))((0.150645624 0.189383070 0.651362984 0.008608321)(0.30428769 0.21161826 0.47164592 0.01244813)(0.313253012 0.225903614 0.457831325 0.003012048)(0.5000 0.0625 0.4375 0.0000))((0.01709402 0.61538462 0.35042735 0.01709402)(0.09698997 0.48494983 0.40802676 0.01003344)(0.064705882 0.511764706 0.417647059 0.005882353)(0.1428571 0.4285714 0.4285714 0.0000000))) ;
}
potential ( VehicleYear | SocioEcon ) 
{
  data = ((0.3078341 0.6921659)(0.1497623 0.8502377)(0.7964459 0.2035541)(0.91176471 0.08823529)) ;
}
potential ( Accident | DrivQuality Antilock ) 
{
  data = (((0.008474576 0.006355932 0.976694915 0.008474576)(0.0 0.0 1.0 0.0))((0.021484375 0.014648438 0.958007812 0.005859375)(0.01209677 0.01209677 0.97580645 0.00000000))((0.1975983 0.1855895 0.2620087 0.3548035)(0.2544643 0.1875000 0.4062500 0.1517857))) ;
}
potential ( MakeModel | SocioEcon ) 
{
  data = ((0.1990783 0.6709677 0.0000000 0.1299539 0.0000000)(0.70681458 0.19492868 0.00000000 0.09825674 0.00000000)(0.04361874 0.31825525 0.46688207 0.17124394 0.00000000)(0.0000000 0.1764706 0.4411765 0.2058824 0.1764706)) ;
}
potential ( DrivQuality | Age RiskAversion ) 
{
  data = (((0.2118380 0.1838006 0.6043614)(0.2075472 0.3396226 0.4528302)(0.048 0.424 0.528)(0.26666667 0.06666667 0.66666667))((0.3135011 0.2128146 0.4736842)(0.2049861 0.4875346 0.3074792)(0.1069182 0.5691824 0.3238994)(0.250 0.125 0.625))((0.1860465 0.2093023 0.6046512)(0.4104235 0.4429967 0.1465798)(0.1645570 0.5400844 0.2953586)(0.5000000 0.1666667 0.3333333))) ;
}
potential ( Airbag | VehicleYear MakeModel ) 
{
  data = (((0.0 1.0)(0.0 1.0)(0.0 1.0)(0.0 1.0)(0.0 1.0))((0.94950604 0.05049396)(0.8055556 0.1944444)(0.516129 0.483871)(0.94196429 0.05803571)(0.5 0.5))) ;
}
potential ( DrivHist | RiskAversion DrivQuality ) 
{
  data = (((0.1690141 0.2816901 0.5492958)(0.2236025 0.3043478 0.4720497)(0.7330211 0.1030445 0.1639344))((0.009478673 0.023696682 0.966824645)(0.01212121 0.03333333 0.95454545)(0.4444444 0.2722222 0.2833333))((0.0 0.0 1.0)(0.02960103 0.08236808 0.88803089)(0.80821918 0.16634051 0.02544031))((0.2727273 0.5454545 0.1818182)(0.50 0.25 0.25)(0.77272727 0.09090909 0.13636364))) ;
}
potential ( SocioEcon | Age ) 
{
  data = ((0.4241002 0.3755869 0.1830986 0.0172144)(0.394230769 0.408936652 0.187782805 0.009049774)(0.19730185 0.50421585 0.28667791 0.01180438)) ;
}
potential ( Antilock | VehicleYear MakeModel ) 
{
  data = (((1.0 0.0)(0.608076 0.391924)(0.004132231 0.995867769)(0.1168831 0.8831169)(0.0 1.0))((1.0 0.0)(1.0 0.0)(0.7258065 0.2741935)(0.8973214 0.1026786)(0.5 0.5))) ;
}
potential ( MedCost | Accident Airbag ) 
{
  data = (((0.00000000 0.00000000 0.02013423 0.97986577)(0.000000000 0.000000000 0.008474576 0.991525424))((0.11450382 0.04580153 0.13740458 0.70229008)(0.05882353 0.02941176 0.07843137 0.83333333))((0.0 0.0 0.0 1.0)(0.0 0.0 0.0 1.0))((0.1184211 0.1315789 0.2149123 0.5350877)(0.05673759 0.09219858 0.12765957 0.72340426))) ;
}
potential ( CarValue | VehicleYear MakeModel ) 
{
  data = (((0.00000000 0.04464286 0.00000000 0.87500000 0.08035714)(0.0000000 0.0000000 0.0000000 0.1045131 0.8954869)(1.0 0.0 0.0 0.0 0.0)(0.10389610 0.00000000 0.01298701 0.07142857 0.81168831)(0.0 0.0 1.0 0.0 0.0))((0.000000000 0.805708013 0.000000000 0.188803513 0.005488474)(0.0000000 0.6031746 0.0000000 0.2354497 0.1613757)(0.38709677 0.06451613 0.00000000 0.16129032 0.38709677)(0.03125000 0.30357143 0.01785714 0.45982143 0.18750000)(0.2 0.2 0.2 0.2 0.2))) ;
}
